% HANNING: Outputs a 25-point Hanning window
h =[0.0145 0.0573 0.1257 0.2160 0.3227 0.4397 0.5603 0.6773 ...
      0.7840 0.8743 0.9427 0.9855 1.0000 0.9855 0.9427 0.8743 ...
      0.7840 0.6773 0.5603 0.4397 0.3227 0.2160 0.1257 0.0573 ...
      0.0145 ]
